10656875
10733586
10742159
10746912
10750280
10758267
10764572
10789832
11635914
11641536
11643166
11672134
11683974
11723231
11726223
11741591
11768917
11773559
12609119
12611579
12635558
12673539
12685208
12706899
12766528
12788929
12791125
12807228
13625180
13630158
13693922
13755257
13793207
14653290
14693946
14702113
14725865
15626821
15631272
15645847
15659938
15706208
15717550
15730552
15749286
15779862
15791158
15791216
15802242
1608936
1642984
1644222
16615274
16654293
16705553
1684470
1715442
1719919
1734267
1745128
17613865
17637565
17660525
17669137
17673840
17677147
17679968
17682281
17682961
1807930
18606928
18635594
18697130
18739521
18740957
18783217
19606953
19610122
19630869
19716562
19721212
19756899
20602116
20673588
20692551
20698975
20700250
20729872
20771552
20788130
20802862
21613166
21625116
21667276
21669196
21669216
21674246
21709573
21764974
21777250
21784198
21792188
22602542
22608863
22614111
22625273
22639975
22640917
22653103
22669969
22713148
22724256
22725880
22747203
22761207
22805212
23677264
23699220
23707991
23718847
23774257
23801531
23807554
24612543
24612981
24615242
24617170
24625842
24630252
24646566
24647264
24668843
24686866
24702985
24784988
24805143
24808987
25617820
25640282
25666590
25787184
2600224
2610546
2619892
2625853
26645210
26646894
26653126
26664875
26671920
26703907
2671497
26717157
26741133
26803820
2686279
2707202
2714254
2759434
27600101
27608206
27612971
2762852
27643250
27668565
27684540
27689284
27695938
27708227
27725245
27754184
27761278
27770125
27770155
27770253
2778302
27783109
2806292
28602975
28605264
28617584
28671116
28747114
28769230
29603866
29614207
29648271
29661848
29662156
29668940
29701122
29736922
29738967
29785924
30601134
30625938
30626172
30627186
30642916
30668179
30727233
30764296
30796521
30797875
30803266
31605282
31614284
31627282
31654893
31679521
31686282
31749941
31790968
32618591
32681523
32688851
32690595
32727910
32730220
32731521
32761163
32775212
32794522
33602948
33645541
33646857
33681897
33690285
33715572
33783914
34648234
34673299
34712295
34735553
34741949
34802155
35614173
35620193
35629572
35650297
35686875
35712850
35761541
3608866
3624258
3631416
36609859
36619937
36630172
36637868
36723925
36737117
36748108
36779583
36782257
3700418
3745576
3748341
3753960
37607853
37633933
37673950
37678152
3769934
37715130
37769975
3802233
38602584
38613155
38634539
38640249
38640547
38707550
38790899
39631239
39649128
39652291
39692110
39720965
39730521
40630178
40688136
40703927
40710905
40769232
40771857
40792906
41607932
41681564
41686296
41693220
41696960
41704237
41714217
41719231
41773957
41783203
41784950
42621968
42657974
42658959
42674144
42730189
42743108
42768189
42788903
42805287
43619230
43727988
43745845
43769139
43770970
43784919
44608918
44611889
44630148
44642124
44648972
44667206
44677872
44678119
44768961
44791139
45611975
45614188
45622210
45637940
45687174
45701115
45718865
45750540
45765235
45789148
4607405
4648919
4661932
4664582
46664984
46705838
46717924
46762210
4678196
46795907
46808228
4691277
4721876
4732505
4755439
47610594
4766445
47677913
47706936
4771337
47725280
47726974
47745223
47772926
47785890
47790899
47805256
4802948
4804304
48600248
48626201
48632252
48641583
48651190
48653267
48656574
48726116
48726244
48771824
49609558
49621541
49641967
49664984
49666825
49673884
49721526
49744171
49761847
49783240
49808546
50615157
50642987
50682217
50706934
50718272
50740130
50750867
50782988
50786563
50809989
51614553
51683545
51707562
51711572
51723104
51723562
51726142
51732921
51742546
51752153
52609906
52635297
52677913
52730280
52756155
52761135
52778272
52785194
52800585
53646893
53672957
53684845
53697523
53724170
53787969
53796578
53804838
54654886
54674209
54675227
54695173
54703268
54712594
54740882
54759521
54787881
54796180
55604993
55607839
55613163
55621177
55642989
55655960
55661570
55663250
55664990
55696927
55716238
55753847
55765910
55774134
5629331
5635892
5652295
5656599
56601992
56610915
5662349
56625192
56628183
56653836
5665987
56686522
56715837
56717567
56736253
5673897
56742835
56753984
56779233
56784876
56800284
5688852
5739563
5759262
57610571
57624580
57625280
57671286
57687162
57713885
57726881
57735867
57761984
57766112
57786294
57800184
5788299
5788919
5795594
58643857
58656534
58661202
58674577
58688969
58715980
58724276
58728218
58753245
58795881
59623856
59642272
59673283
59675280
59680146
59716161
59716823
59748534
59775137
59779923
60662176
60679896
60732175
60733213
60735578
60769939
60779948
61601523
61635159
61656526
61662276
61699535
61711254
61797940
62613278
62613980
62628545
62642114
62674522
62719157
62720197
63607975
63608257
63615987
63620185
63659212
63669121
63680121
63702824
63708956
63718856
63729166
63790281
63799856
64602844
64646535
64649905
64749578
64770580
64791858
64810276
65648970
65663167
65678159
65688930
65698954
65713919
65736195
65742575
6610264
6644301
6659986
6662574
66630823
66631548
66635275
66660847
66708544
66736194
66746879
66797566
6695953
6699173
6734462
6736292
6740116
6758212
6759195
67707148
67718870
6772480
67731953
67750857
67759543
67783130
6800479
6808363
68635850
68640228
68665113
68665299
68687122
69621117
69674201
69682189
69700284
69713536
69737898
69771530
69772880
69794276
69795837
70600844
70628926
70659240
70662914
70673288
70676249
70686927
70745151
70756575
70774544
70787299
70789153
70798574
70802902
71619527
71648968
71660986
71686942
71724937
71745222
71779255
71785181
72629114
72632554
72640915
72641993
72649125
72687563
72687599
72721598
72726226
72751138
72804926
73623992
73631959
73635888
73659849
73667576
73680860
73757910
74609828
74645983
74673168
74674535
74674837
74678896
74719574
74721258
74748193
74761103
74770560
74774162
74780992
74786229
74791184
74798190
74799876
74805288
75622255
75630353
75637287
75639369
75643541
75674825
75678908
75697427
75711454
75714114
75729296
75729914
75744493
75768854
75779317
75786211
75786903
75793458
7600415
7612935
7622920
7634964
7638899
7640463
7647458
76637286
76656539
76658109
76664839
76668939
76674950
76678299
76699196
76711167
76718253
7672212
76769212
76774863
76780426
76803490
7682934
7688126
7688469
7718227
7741879
7745586
7757594
77617899
77639857
77648899
77654300
77667185
77673586
7770559
77710836
77723552
77729302
77798548
78600523
78601578
78695190
78707336
78710482
78749983
78787268
78796551
79600538
79601825
79629358
79629870
79630567
79642499
79652134
79689183
79734148
79754843
79800853
80606938
80628435
80660472
80672453
80676398
80731152
80739931
80742479
80744274
80763288
80771471
80791430
81619194
81622253
81623433
81624213
81624553
81633183
81639193
81652846
81686405
81693289
81714892
81724320
81730180
81734876
81740307
81752203
81753111
81769199
81780548
81782308
81782848
81801580
82660397
82720227
82729105
82731560
82740434
82745385
82748130
82751831
82761528
82805145
82806535
83611359
83613409
83629578
83635991
83662388
83668840
83684374
83753177
83784291
83786237
84619129
84630842
84645884
84657294
84676194
84693360
84704478
84733274
84776410
84779269
84803912
85605330
85622211
85625191
85643875
85644401
85662936
85664558
85678524
85700386
85708154
85727466
85742912
85744432
85749984
85752861
85766895
85792137
85795425
85807587
85807839
8600463
8604229
8610944
8656560
86610425
8661936
86623992
86665419
86699307
86709857
86716943
86727143
86732922
86762215
86784564
86795128
86808291
8683309
8703820
8704500
8707850
8723503
8733352
8739355
87605109
87605429
87629385
87635379
87641193
87651232
87655362
87660364
87676181
87681432
87706190
87706341
87712112
87712334
8772578
87745301
8774544
87772509
87773150
87799344
88603857
88628905
88636361
88674956
88677385
88716365
88738356
88747124
88759178
88790282
88810521
89614457
89668306
89683368
89708888
89715361
89718503
89720453
89733205
89743827
89744237
89764543
89777565
89802550
90609547
90611427
90632849
90642204
90646916
90670480
90678861
90691325
90698844
90705249
90715265
90725378
90745104
90756252
90756475
90769210
90779401
90791927
90810931
91605901
91678386
91703230
91731350
91734500
91750873
91758453
91781220
91782830
91787125
91787237
91795897
91805542
92608862
92611476
92668205
92673901
92692532
92728412
92757344
92763534
92774877
92782837
92794374
93609398
93616323
93635445
93663246
93666231
93680364
93685931
93688187
93699963
93707100
93722306
93789365
94603931
94629821
94630363
94642311
94642580
94662273
94708241
94719171
94724265
94766341
94794243
94809216
95619192
95620493
95634895
95648259
95656348
95670368
95699297
95704216
95709936
95711590
95745189
95746931
95754851
95784949
95787135
95802918
9660216
96619897
96627148
9663291
96633890
96646278
96660254
96712963
96716887
96728125
96728589
96735139
96748846
96760906
96760908
96782569
9679484
9681252
9685470
9685524
9693932
9748922
97605215
97605583
97645943
97674269
97683865
97709584
97712449
97731446
97741986
9778159
97786455
9791227
9804484
98621962
98668149
98711825
98736555
98745472
98756344
98765531
98776115
98796135
98804424
98807362
99613353
99624197
99628554
99631296
99634103
99662472
99669285
99678270
99705466
99706228
99745891
99768495
99769917
99779272
99794180
99797822
99805218
99809149
